3 3 0.001 0
5 3 0.001 0
10 3 0.001 0
15 3 0.001 0
20 3 0.001 0
25 3 0.001 0
30 3 0.001 0
35 3 0.001 0
40 3 0.001 0
45 3 0.001 0
50 3 0.001 0
55 3 0.001 0
60 3 0.001 0
65 3 0.001 0
70 3 0.001 0
75 3 0.001 0
80 3 0.001 0
85 47 0.001 0
90 3 0.001 0
95 3 0.001 0
100 3 0.001 0
105 3 0.001 0
110 3 0.001 0
115 3 0.001 0
120 3 0.001 0
125 3 0.001 0
130 3 0.001 0
135 3 0.001 0
140 3 0.001 0
145 3 0.001 0
150 3 0.001 0
155 3 0.001 0
160 3 0.001 0
165 3 0.001 0
170 3 0.001 0
175 3 0.001 0
3 3 0.001 0
5 5 0.001 0
10 5 0.001 0
15 5 0.001 0
20 5 0.001 0
25 5 0.001 0
30 5 0.001 0
35 5 0.001 0
40 5 0.001 0
45 5 0.001 0
50 5 0.001 0
55 5 0.001 0
60 5 0.001 0
65 5 0.001 0
70 5 0.001 0
75 5 0.001 0
80 5 0.001 0
85 47 0.001 0
90 5 0.001 0
95 5 0.001 0
100 5 0.001 0
105 5 0.001 0
110 5 0.001 0
115 5 0.001 0
120 5 0.001 0
125 5 0.001 0
130 5 0.001 0
135 5 0.001 0
140 5 0.001 0
145 5 0.001 0
150 5 0.001 0
155 5 0.001 0
160 5 0.001 0
165 5 0.001 0
170 5 0.001 0
175 5 0.001 0
3 3 0.001 0
5 10 0.001 0
10 10 0.001 0
15 10 0.001 0
20 10 0.001 0
25 10 0.001 0
30 10 0.001 0
35 10 0.001 0
40 10 0.001 0
45 10 0.001 0
50 10 0.001 0
55 10 0.001 0
60 10 0.001 0
65 10 0.001 0
70 10 0.001 0
75 10 0.001 0
80 10 0.001 0
85 47 0.001 0
90 10 0.001 0
95 10 0.001 0
100 10 0.001 0
105 10 0.001 0
110 10 0.001 0
115 10 0.001 0
120 10 0.001 0
125 10 0.001 0
130 10 0.001 0
135 10 0.001 0
140 10 0.001 0
145 10 0.001 0
150 10 0.001 0
155 10 0.001 0
160 10 0.001 0
165 10 0.001 0
170 10 0.001 0
175 10 0.001 0
3 3 0.001 0
5 15 0.001 0
10 15 0.001 0
15 15 0.001 0
20 15 0.001 0
25 15 0.001 0
30 15 0.001 0
35 15 0.001 0
40 15 0.001 0
45 15 0.001 0
50 15 0.001 0
55 15 0.001 0
60 15 0.001 0
65 15 0.001 0
70 15 0.001 0
75 15 0.001 0
80 15 0.001 0
85 47 0.001 0
90 15 0.001 0
95 15 0.001 0
100 15 0.001 0
105 15 0.001 0
110 15 0.001 0
115 15 0.001 0
120 15 0.001 0
125 15 0.001 0
130 15 0.001 0
135 15 0.001 0
140 15 0.001 0
145 15 0.001 0
150 15 0.001 0
155 15 0.001 0
160 15 0.001 0
165 15 0.001 0
170 15 0.001 0
175 15 0.001 0
3 3 0.001 0
5 20 0.001 0
10 20 0.001 0
15 20 0.001 0
20 20 0.001 0
25 20 0.001 0
30 20 0.001 0
35 20 0.001 0
40 20 0.001 0
45 20 0.001 0
50 20 0.001 0
55 20 0.001 0
60 20 0.001 0
65 20 0.001 0
70 20 0.001 0
75 20 0.001 0
80 20 0.001 0
85 47 0.001 0
90 20 0.001 0
95 20 0.001 0
100 20 0.001 0
105 20 0.001 0
110 20 0.001 0
115 20 0.001 0
120 20 0.001 0
125 20 0.001 0
130 20 0.001 0
135 20 0.001 0
140 20 0.001 0
145 20 0.001 0
150 20 0.001 0
155 20 0.001 0
160 20 0.001 0
165 20 0.001 0
170 20 0.001 0
175 20 0.001 0
3 3 0.001 0
5 25 0.001 0
10 25 0.001 0
15 25 0.001 0
20 25 0.001 0
25 25 0.001 0
30 25 0.001 0
35 25 0.001 0
40 25 0.001 0
45 25 0.001 0
50 25 0.001 0
55 25 0.001 0
60 25 0.001 0
65 25 0.001 0
70 25 0.001 0
75 25 0.001 0
80 25 0.001 0
85 47 0.001 0
90 25 0.001 0
95 25 0.001 0
100 25 0.001 0
105 25 0.001 0
110 25 0.001 0
115 25 0.001 0
120 25 0.001 0
125 25 0.001 0
130 25 0.001 0
135 25 0.001 0
140 25 0.001 0
145 25 0.001 0
150 25 0.001 0
155 25 0.001 0
160 25 0.001 0
165 25 0.001 0
170 25 0.001 0
175 25 0.001 0
3 3 0.001 0
5 30 0.001 0
10 30 0.001 0
15 30 0.001 0
20 30 0.001 0
25 30 0.001 0
30 30 0.001 0
35 30 0.001 0
40 30 0.001 0
45 30 0.001 0
50 30 0.001 0
55 30 0.001 0
60 30 0.001 0
65 30 0.001 0
70 30 0.001 0
75 30 0.001 0
80 30 0.001 0
85 47 0.001 0
90 30 0.001 0
95 30 0.001 0
100 30 0.001 0
105 30 0.001 0
110 30 0.001 0
115 30 0.001 0
120 30 0.001 0
125 30 0.001 0
130 30 0.001 0
135 30 0.001 0
140 30 0.001 0
145 30 0.001 0
150 30 0.001 0
155 30 0.001 0
160 30 0.001 0
165 30 0.001 0
170 30 0.001 0
175 30 0.001 0
3 3 0.001 0
5 35 0.001 0
10 35 0.001 0
15 35 0.001 0
20 35 0.001 0
25 35 0.001 0
30 35 0.001 0
35 35 0.001 0
40 35 0.001 0
45 35 0.001 0
50 35 0.001 0
55 35 0.001 0
60 35 0.001 0
65 35 0.001 0
70 35 0.001 0
75 35 0.001 0
80 35 0.001 0
85 47 0.001 0
90 35 0.001 0
95 35 0.001 0
100 35 0.001 0
105 35 0.001 0
110 35 0.001 0
115 35 0.001 0
120 35 0.001 0
125 35 0.001 0
130 35 0.001 0
135 35 0.001 0
140 36 0.001 0
145 36 0.001 0
150 36 0.001 0
155 36 0.001 0
160 36 0.001 0
165 36 0.001 0
170 36 0.001 0
175 36 0.001 0
3 3 0.001 0
5 40 0.001 0
10 40 0.001 0
15 40 0.001 0
20 40 0.001 0
25 40 0.001 0
30 40 0.001 0
35 40 0.001 0
40 40 0.001 0
45 40 0.001 0
50 40 0.001 0
55 40 0.001 0
60 40 0.001 0
65 40 0.001 0
70 40 0.001 0
75 40 0.001 0
80 40 0.001 0
85 47 0.001 0
90 40 0.001 0
95 40 0.001 0
100 40 0.001 0
105 40 0.001 0
110 40 0.001 0
115 40 0.001 0
120 40 0.001 0
125 40 0.001 0
130 40 0.001 0
135 40 0.001 0
140 40 0.001 0
145 40 0.001 0
150 40 0.001 0
155 40 0.001 0
160 40 0.001 0
165 40 0.001 0
170 40 0.001 0
175 40 0.001 0
3 3 0.001 0
5 45 0.001 0
10 45 0.001 0
15 45 0.001 0
20 45 0.001 0
25 45 0.001 0
30 45 0.001 0
35 45 0.001 0
40 45 0.001 0
45 45 0.001 0
50 45 0.001 0
55 45 0.001 0
60 45 0.001 0
65 47 0.001 0
70 47 0.001 0
75 47 0.001 0
80 47 0.001 0
85 47 0.001 0
90 47 0.001 0
95 47 0.001 0
100 47 0.001 0
105 47 0.001 0
110 45 0.001 0
115 45 0.001 0
120 45 0.001 0
125 45 0.001 0
130 45 0.001 0
135 45 0.001 0
140 45 0.001 0
145 45 0.001 0
150 45 0.001 0
155 45 0.001 0
160 45 0.001 0
165 45 0.001 0
170 45 0.001 0
175 45 0.001 0
3 3 0.001 0
5 50 0.001 0
10 50 0.001 0
15 50 0.001 0
20 50 0.001 0
25 50 0.001 0
30 89 0.001 0
35 50 0.001 0
40 50 0.001 0
45 50 0.001 0
50 50 0.001 0
55 50 0.001 0
60 50 0.001 0
65 50 0.001 0
70 50 0.001 0
75 50 0.001 0
80 50 0.001 0
85 50 0.001 0
90 50 0.001 0
95 50 0.001 0
100 50 0.001 0
105 50 0.001 0
110 50 0.001 0
115 50 0.001 0
120 50 0.001 0
125 50 0.001 0
130 50 0.001 0
135 50 0.001 0
140 50 0.001 0
145 50 0.001 0
150 50 0.001 0
155 50 0.001 0
160 50 0.001 0
165 50 0.001 0
170 50 0.001 0
175 50 0.001 0
3 3 0.001 0
5 55 0.001 0
10 55 0.001 0
15 55 0.001 0
20 55 0.001 0
25 55 0.001 0
30 89 0.001 0
35 55 0.001 0
40 55 0.001 0
45 55 0.001 0
50 55 0.001 0
55 55 0.001 0
60 55 0.001 0
65 55 0.001 0
70 55 0.001 0
75 55 0.001 0
80 55 0.001 0
85 55 0.001 0
90 55 0.001 0
95 55 0.001 0
100 55 0.001 0
105 55 0.001 0
110 55 0.001 0
115 55 0.001 0
120 55 0.001 0
125 55 0.001 0
130 55 0.001 0
135 55 0.001 0
140 55 0.001 0
145 55 0.001 0
150 55 0.001 0
155 55 0.001 0
160 55 0.001 0
165 55 0.001 0
170 55 0.001 0
175 55 0.001 0
3 3 0.001 0
5 60 0.001 0
10 60 0.001 0
15 60 0.001 0
20 60 0.001 0
25 60 0.001 0
30 89 0.001 0
35 60 0.001 0
40 60 0.001 0
45 60 0.001 0
50 60 0.001 0
55 60 0.001 0
60 60 0.001 0
65 60 0.001 0
70 60 0.001 0
75 60 0.001 0
80 60 0.001 0
85 60 0.001 0
90 60 0.001 0
95 60 0.001 0
100 60 0.001 0
105 60 0.001 0
110 60 0.001 0
115 60 0.001 0
120 60 0.001 0
125 60 0.001 0
130 60 0.001 0
135 60 0.001 0
140 60 0.001 0
145 60 0.001 0
150 60 0.001 0
155 60 0.001 0
160 60 0.001 0
165 60 0.001 0
170 60 0.001 0
175 60 0.001 0
3 3 0.001 0
5 65 0.001 0
10 65 0.001 0
15 65 0.001 0
20 65 0.001 0
25 65 0.001 0
30 89 0.001 0
35 65 0.001 0
40 65 0.001 0
45 65 0.001 0
50 65 0.001 0
55 65 0.001 0
60 65 0.001 0
65 65 0.001 0
70 65 0.001 0
75 65 0.001 0
80 65 0.001 0
85 65 0.001 0
90 65 0.001 0
95 65 0.001 0
100 65 0.001 0
105 65 0.001 0
110 65 0.001 0
115 65 0.001 0
120 65 0.001 0
125 65 0.001 0
130 65 0.001 0
135 65 0.001 0
140 65 0.001 0
145 65 0.001 0
150 65 0.001 0
155 65 0.001 0
160 65 0.001 0
165 65 0.001 0
170 65 0.001 0
175 65 0.001 0
3 3 0.001 0
5 70 0.001 0
10 70 0.001 0
15 70 0.001 0
20 70 0.001 0
25 70 0.001 0
30 89 0.001 0
35 70 0.001 0
40 70 0.001 0
45 70 0.001 0
50 70 0.001 0
55 70 0.001 0
60 70 0.001 0
65 70 0.001 0
70 70 0.001 0
75 70 0.001 0
80 70 0.001 0
85 70 0.001 0
90 70 0.001 0
95 70 0.001 0
100 70 0.001 0
105 70 0.001 0
110 70 0.001 0
115 70 0.001 0
120 70 0.001 0
125 70 0.001 0
130 70 0.001 0
135 70 0.001 0
140 73 0.001 0
145 73 0.001 0
150 73 0.001 0
155 73 0.001 0
160 73 0.001 0
165 73 0.001 0
170 73 0.001 0
175 73 0.001 0
3 3 0.001 0
5 75 0.001 0
10 75 0.001 0
15 75 0.001 0
20 75 0.001 0
25 75 0.001 0
30 89 0.001 0
35 75 0.001 0
40 75 0.001 0
45 75 0.001 0
50 75 0.001 0
55 75 0.001 0
60 75 0.001 0
65 75 0.001 0
70 75 0.001 0
75 75 0.001 0
80 75 0.001 0
85 75 0.001 0
90 75 0.001 0
95 75 0.001 0
100 75 0.001 0
105 75 0.001 0
110 75 0.001 0
115 75 0.001 0
120 75 0.001 0
125 75 0.001 0
130 75 0.001 0
135 75 0.001 0
140 75 0.001 0
145 75 0.001 0
150 75 0.001 0
155 75 0.001 0
160 75 0.001 0
165 75 0.001 0
170 75 0.001 0
175 75 0.001 0
3 3 0.001 0
5 80 0.001 0
10 80 0.001 0
15 80 0.001 0
20 80 0.001 0
25 80 0.001 0
30 89 0.001 0
35 80 0.001 0
40 80 0.001 0
45 80 0.001 0
50 80 0.001 0
55 80 0.001 0
60 80 0.001 0
65 80 0.001 0
70 80 0.001 0
75 80 0.001 0
80 80 0.001 0
85 80 0.001 0
90 80 0.001 0
95 80 0.001 0
100 80 0.001 0
105 80 0.001 0
110 80 0.001 0
115 80 0.001 0
120 80 0.001 0
125 80 0.001 0
130 80 0.001 0
135 80 0.001 0
140 80 0.001 0
145 80 0.001 0
150 80 0.001 0
155 80 0.001 0
160 80 0.001 0
165 80 0.001 0
170 80 0.001 0
175 80 0.001 0
3 3 0.001 0
5 85 0.001 0
10 85 0.001 0
15 85 0.001 0
20 85 0.001 0
25 85 0.001 0
30 89 0.001 0
35 89 0.001 0
40 89 0.001 0
45 89 0.001 0
50 89 0.001 0
55 89 0.001 0
60 89 0.001 0
65 89 0.001 0
70 85 0.001 0
75 85 0.001 0
80 85 0.001 0
85 85 0.001 0
90 85 0.001 0
95 85 0.001 0
100 85 0.001 0
105 85 0.001 0
110 85 0.001 0
115 85 0.001 0
120 85 0.001 0
125 85 0.001 0
130 85 0.001 0
135 85 0.001 0
140 85 0.001 0
145 85 0.001 0
150 85 0.001 0
155 85 0.001 0
160 85 0.001 0
165 85 0.001 0
170 85 0.001 0
175 85 0.001 0
3 3 0.001 0
5 90 0.001 0
10 90 0.001 0
15 90 0.001 0
20 90 0.001 0
25 90 0.001 0
30 90 0.001 0
35 90 0.001 0
40 90 0.001 0
45 90 0.001 0
50 90 0.001 0
55 90 0.001 0
60 90 0.001 0
65 90 0.001 0
70 90 0.001 0
75 90 0.001 0
80 90 0.001 0
85 90 0.001 0
90 90 0.001 0
95 90 0.001 0
100 90 0.001 0
105 90 0.001 0
110 90 0.001 0
115 90 0.001 0
120 90 0.001 0
125 90 0.001 0
130 90 0.001 0
135 90 0.001 0
140 90 0.001 0
145 90 0.001 0
150 90 0.001 0
155 90 0.001 0
160 90 0.001 0
165 90 0.001 0
170 90 0.001 0
175 90 0.001 0
3 3 0.001 0
5 95 0.001 0
10 95 0.001 0
15 95 0.001 0
20 95 0.001 0
25 95 0.001 0
30 95 0.001 0
35 95 0.001 0
40 95 0.001 0
45 95 0.001 0
50 95 0.001 0
55 95 0.001 0
60 95 0.001 0
65 95 0.001 0
70 95 0.001 0
75 95 0.001 0
80 95 0.001 0
85 95 0.001 0
90 95 0.001 0
95 95 0.001 0
100 95 0.001 0
105 95 0.001 0
110 95 0.001 0
115 95 0.001 0
120 95 0.001 0
125 95 0.001 0
130 95 0.001 0
135 95 0.001 0
140 95 0.001 0
145 95 0.001 0
150 95 0.001 0
155 95 0.001 0
160 95 0.001 0
165 95 0.001 0
170 95 0.001 0
175 95 0.001 0
3 3 0.001 0
5 100 0.001 0
10 100 0.001 0
15 100 0.001 0
20 100 0.001 0
25 100 0.001 0
30 100 0.001 0
35 100 0.001 0
40 100 0.001 0
45 100 0.001 0
50 100 0.001 0
55 100 0.001 0
60 100 0.001 0
65 100 0.001 0
70 100 0.001 0
75 100 0.001 0
80 100 0.001 0
85 100 0.001 0
90 100 0.001 0
95 100 0.001 0
100 100 0.001 0
105 100 0.001 0
110 100 0.001 0
115 100 0.001 0
120 100 0.001 0
125 100 0.001 0
130 100 0.001 0
135 100 0.001 0
140 100 0.001 0
145 100 0.001 0
150 100 0.001 0
155 100 0.001 0
160 100 0.001 0
165 100 0.001 0
170 100 0.001 0
175 100 0.001 0
3 3 0.001 0
5 105 0.001 0
10 105 0.001 0
15 105 0.001 0
20 105 0.001 0
25 105 0.001 0
30 105 0.001 0
35 105 0.001 0
40 105 0.001 0
45 105 0.001 0
50 105 0.001 0
55 105 0.001 0
60 105 0.001 0
65 105 0.001 0
70 105 0.001 0
75 105 0.001 0
80 105 0.001 0
85 105 0.001 0
90 105 0.001 0
95 105 0.001 0
100 105 0.001 0
105 105 0.001 0
110 105 0.001 0
115 105 0.001 0
120 105 0.001 0
125 105 0.001 0
130 105 0.001 0
135 105 0.001 0
140 105 0.001 0
145 105 0.001 0
150 105 0.001 0
155 105 0.001 0
160 105 0.001 0
165 105 0.001 0
170 105 0.001 0
175 105 0.001 0
3 3 0.001 0
5 110 0.001 0
10 110 0.001 0
15 110 0.001 0
20 110 0.001 0
25 110 0.001 0
30 110 0.001 0
35 110 0.001 0
40 110 0.001 0
45 110 0.001 0
50 110 0.001 0
55 110 0.001 0
60 110 0.001 0
65 110 0.001 0
70 110 0.001 0
75 110 0.001 0
80 110 0.001 0
85 110 0.001 0
90 110 0.001 0
95 110 0.001 0
100 110 0.001 0
105 110 0.001 0
110 110 0.001 0
115 110 0.001 0
120 110 0.001 0
125 110 0.001 0
130 110 0.001 0
135 110 0.001 0
140 110 0.001 0
145 110 0.001 0
150 110 0.001 0
155 110 0.001 0
160 110 0.001 0
165 110 0.001 0
170 110 0.001 0
175 110 0.001 0
3 3 0.001 0
5 115 0.001 0
10 115 0.001 0
15 115 0.001 0
20 115 0.001 0
25 115 0.001 0
30 115 0.001 0
35 115 0.001 0
40 115 0.001 0
45 115 0.001 0
50 115 0.001 0
55 115 0.001 0
60 115 0.001 0
65 115 0.001 0
70 115 0.001 0
75 115 0.001 0
80 115 0.001 0
85 115 0.001 0
90 115 0.001 0
95 115 0.001 0
100 115 0.001 0
105 115 0.001 0
110 115 0.001 0
115 115 0.001 0
120 115 0.001 0
125 115 0.001 0
130 115 0.001 0
135 115 0.001 0
140 115 0.001 0
145 115 0.001 0
150 115 0.001 0
155 115 0.001 0
160 115 0.001 0
165 115 0.001 0
170 115 0.001 0
175 115 0.001 0
